71100100060001
71100100060002
71100100060003
71100100060008
71100100060009
71100100060010
71100100062001
71100100070002
71100100060004
71100100060005
71100100060006
71100100060007
71100100210001
71100100210003
71100100210004
71100100210005
71100100210006
71100100211001
71100100080001
71100100080003
71100100080006
71100100160001
71100100160002
71100100160004
71100100160005
71100100160006
71100100160008
71100100161001
71100100040001
71100100040002
71100100040003
71100100040005
71100100040006
71100100042001
71100100090003
71100100090004
71100100090005
71100100090007
71100100090008
71100100091001
71100100093002
71100100230001
71100100230002
71100100230003
71100100010002
71100100010003
71100100010005
71100100200001
71100100200002
71100100200003
71100100200004
71100100200005
71100100200006
71100100201001
71100100010001
71100100080002
71100100080004
71100100080005
71100100080007
71100100080008
71100100081001
71100100090001
71100100090002
71100100090006
71100100040004
71100100030001
71100100030002
71100100030003
71100100030004
71100100030006
71100100030007
71100100030008
71100100032001
71100100210002
71100100100002
71100100100003
71100100100004
71100100100005
71100100100006
71100100100007
71100100100008
71100100110003
71100100230004
71100100231001
71100100020002
71100100020003
71100100020004
71100100020010
71100100021001
71100100030005
71100100050001
71100100050002
71100100050003
71100100050004
71100100050005
71100100050006
71100100052001
71100100100001
71100100101001
71100100110001
71100100110002
71100100110004
71100100110005
71100100110006
71100100111001
71100100070001
71100100070003
71100100070005
71100100070006
71100100070007
71100100070008
71100100070009
71100100070010
71100100070004
71100100071001
71100100160003
71100100160007
71100100220001
71100100220002
71100100220003
71100100220004
71100100220005
71100100220006
71100100010006
71100100011001
71100100020001
71100100020005
71100100020006
71100100020007
71100100020008
71100100020009
71100100010004
71100110020001
71100110020002
71100110020003
71100110020005
71100110020006
71100110020007
71100110020008
71100110021001
71100110030003
71100110030004
71100110030005
71100110030006
71100110030007
71100110030008
71100110030001
71100110030002
71100110031001
71100110050001
71100110050002
71100110050005
71100110050006
71100110040001
71100110040002
71100110040003
71100110040004
71100110040005
71100110040006
71100110041001
71100110050003
71100110050004
71100110051001
71100110010001
71100110010002
71100110010003
71100110010006
71100110010007
71100110011001
71100110011002
71100110020004
71100110070001
71100110070002
71100110070003
71100110070004
71100110070005
71100110070006
71100110010004
71100110010005
71100110010008
71100110060001
71100110060002
71100110060003
71100110060004
71100110061001
71100200080001
71100200080002
71100200080003
71100200080004
71100200080005
71100200080006
71100200080007
71100200080008
71100200081001
71100200280002
71100200280003
71100200281001
71100200090002
71100200090003
71100200091001
71100200090001
71100200090004
71100200090005
71100200280001
71100200280004
71100200280005
71100200280006
71100200100001
71100200090006
71100200100002
71100200100003
71100200100004
71100200100005
71100200100006
71100200101001
71100200250001
71100200250002
71100200250004
71100200251001
71100200250003
71100200250005
71100200250006
71100200250007
71100200250008
71100200110001
71100200110004
71100200110010
71100200110005
71100200110002
71100200110003
71100200110006
71100200230002
71100200230003
71100200230004
71100200231001
71100200110007
71100200110008
71100200110009
71100200121001
71100200121002
71100200230001
71100200120001
71100200120002
71100200120004
71100200120005
71100200130002
71100200120003
71100200120006
71100200130001
71100200130003
71100200130006
71100200130004
71100200130005
71100200140001
71100200140002
71100200140004
71100200141001
71100200150003
71100200140005
71100200140005
71100200150010
71100200140003
71100200140006
71100200150001
71100200150002
71100200150004
71100200150005
71100200150006
71100200150007
71100200151001
71100200220001
71100200220003
71100200150008
71100200150009
71100200220002
71100200220004
71100200160001
71100200160002
71100200160003
71100200160009
71100200161001
71100200166002
71100200160004
71100200160005
71100200160006
71100200160007
71100200160008
71100200170001
71100200170002
71100200171001
71100200171002
71100200171003
71100200171004
71100200170003
71100200170004
71100200170005
71100200170006
71100200180004
71100200191001
71100200191002
71100200180001
71100200180002
71100200180003
71100200181001
71100200190003
71100200190001
71100200190002
71100200190004
71100200190006
71100200200003
71100200200004
71100200200005
71100200205001
71100200190005
71100200200001
71100200200002
71100200200006
71100200200007
71100200200008
71100210060003
71100210061001
71100210070001
71100210070002
71100210070003
71100210070004
71100210071001
71100210071002
71100210071003
71100210010001
71100210010003
71100210010004
71100210010005
71100210011001
71100210011002
71100210020001
71100210020002
71100210020003
71100210020004
71100210020005
71100210020006
71100210021001
71100210030004
71100210030006
71100210030008
71100210060001
71100210060002
71100210060004
71100210060005
71100210060006
71100210060007
71100210100001
71100210100002
71100210100003
71100210100004
71100210101001
71100210050001
71100210050002
71100210050003
71100210050004
71100210050005
71100210050006
71100210050007
71100210050008
71100210051001
71100210051002
71100210060008
71100210110003
71100210110004
71100210010002
71100210010006
71100210010007
71100210010008
71100210080001
71100210080002
71100210080003
71100210080004
71100210080005
71100210080006
71100210081001
71100210081002
71100210030001
71100210030002
71100210030003
71100210030005
71100210030007
71100210031001
71100210040002
71100210040005
71100210040006
71100210040007
71100210040008
71100210040009
71100210040001
71100210040003
71100210040004
71100210040010
71100210041001
71100210090001
71100210090002
71100210090003
71100210091001
71100210091002
71100210110001
71100210110002
71100300010001
71100300010003
71100300010006
71100300011001
71100300011002
71100300020001
71100300010002
71100300010004
71100300020002
71100300020004
71100300021001
71100300010005
71100300020003
71100300030001
71100300030005
71100300030007
71100300031001
71100300030002
71100300030003
71100300030004
71100300030006
71100300030008
71100300040001
71100300040002
71100300040004
71100300040005
71100300041001
71100300060004
71100300040003
71100400050005
71100300040006
71100300061001
71100300061002
71100300060002
71100300060003
71100300060006
71100300050001
71100300050003
71100300050004
71100300060001
71100300060005
71100300060007
71100300060008
71100300050002
71100300052001
71100300070001
71100300070002
71100300070003
71100300070007
71100300070010
71100300071001
71100300071002
71100400070004
71100300070004
71100300070005
71100300070006
71100300070008
71100300070009
71100300081001
71100300080001
71100400070002
71100300080005
71100300080006
71100300080007
71100300080008
71100300080002
71100300080003
71100300080011
71100300080012
71100300080010
71100400070003
71100300080004
71100300080009
71100300100001
71100300100002
71100300100003
71100300100004
71100300101001
71100300090002
71100300090006
71100300091001
71100300091002
71100400050007
71100300090001
71100300090003
71100300090004
71100300090005
71100400010001
71100400010003
71100400010004
71100400010005
71100400011001
71100400011002
71100400010002
71100400010006
71100400080001
71100400080002
71100400080003
71100400080005
71100400080006
71100400081001
71100400040001
71100400042001
71100400080004
71100400040002
71100400040003
71100400040004
71100400040005
71100400040006
71100400040007
71100400030001
71100400040008
71100400030002
71100400030003
71100400030004
71100400030005
71100400030006
71100400030007
71100400030008
71100400032001
71100400032002
71100400020004
71100400021002
71100400021003
71100400022001
71100400020001
71100400020002
71100400020003
71100400020005
71100400020006
71100400060001
71100400061002
71100400062001
71100400060002
71100400060004
71100400050001
71100400050002
71100400050003
71100400050004
71100400050006
71100400050008
71100400052001
71100400052002
71100400060003
71100400070001
71100400072001
71100500010001
71100500010005
71100500011001
71100500016002
71100500100001
71100500100002
71100500100003
71100500100004
71100500010002
71100500010003
71100500010004
71100500020003
71100500020004
71100500021001
71100500022002
71100500020001
71100500020002
71100500020005
71100500020006
71100500030002
71100500030007
71100500031001
71100500032002
71100500030003
71100500030004
71100500030005
71100500030006
71100500030008
71100500040001
71100500040002
71100500040006
71100500042001
71100500042002
71100500030001
71100500040003
71100500040004
71100500040005
71100500060001
71100500060002
71100500060003
71100500060004
71100500062001
71100500120002
71100500050006
71100500060005
71100500060006
71100500120001
71100500120003
71100500120004
71100500122001
71100500070001
71100500070002
71100500070003
71100500071001
71100500072002
71100500050001
71100500050002
71100500050003
71100500050004
71100500050005
71100500052001
71100500070004
71100500080001
71100500080002
71100500080004
71100500080006
71100500082001
71100500080003
71100500080005
71100500090001
71100500090002
71100500090003
71100500090004
71100500092001
71100500110001
71100500110002
71100500110003
71100500110004
71100500116001